====================================================================================================
MONTE CARLO PI COMPARATIVE ANALYSIS - ALL WORKER CONFIGURATIONS
====================================================================================================
Analysis Timestamp: 2025-09-09T01:19:38.867041
Total Configurations Analyzed: 36

CONFIGURATION SUMMARY:
----------------------------------------------------------------------------------------------------
Workers  Compute Time (s) RAPL Energy (J) eBPF Energy (J) CPU Util (%)
----------------------------------------------------------------------------------------------------
4        34.66           1310.47         1393.08         84.7        
4        35.69           1334.51         1436.60         92.9        
4        42.04           1081.31         1682.11         92.5        
5        27.72           1066.89         1122.38         85.3        
5        28.78           1119.93         1167.65         96.8        
5        32.85           868.19          1322.90         89.0        
6        23.25           913.53          947.13          87.5        
6        24.92           995.75          1018.74         98.7        
6        28.02           761.58          1135.63         91.3        
7        19.87           792.07          814.52          87.5        
7        22.77           933.67          933.91          99.7        
7        23.23           658.52          947.34          90.0        
8        17.54           715.36          725.67          88.4        
8        21.73           981.09          893.58          99.7        
8        20.89           609.99          856.23          90.6        
9        15.57           640.98          647.97          84.3        
9        19.31           815.49          798.60          95.8        
9        18.58           535.97          767.40          90.9        
10       14.06           588.89          589.64          86.6        
10       17.36           702.87          722.45          95.3        
10       17.64           485.38          731.56          92.1        
12       11.72           505.48          497.69          84.4        
12       14.15           622.00          597.69          97.5        
12       15.02           421.88          627.70          92.8        
16       8.88            407.75          383.03          85.1        
16       11.84           559.41          507.46          100.0       
16       10.80           340.25          462.04          91.4        
20       7.12            343.81          273.88          86.6        
20       9.52            470.39          410.36          98.8        
20       8.92            292.58          378.61          90.9        
24       5.96            304.08          210.18          85.7        
24       8.62            450.53          371.81          99.9        
24       7.49            260.76          300.24          91.1        
28       5.11            273.83          169.80          86.1        
28       7.37            400.76          299.22          99.1        
28       6.31            244.24          233.69          91.0        
----------------------------------------------------------------------------------------------------

PERFORMANCE TRENDS:
--------------------------------------------------
  Compute Time Improvement: 81.8% (4 → 28 workers)
  Energy Consumption Reduction: 81.4% (RAPL cores)

OPTIMAL CONFIGURATIONS:
--------------------------------------------------
  Fastest Execution: 28 workers (5.11s)
  Most Energy Efficient: 28 workers (244.24J)

====================================================================================================

====================================================================================================
VIDEO PROCESSING COMPARATIVE ANALYSIS - ALL WORKER CONFIGURATIONS
====================================================================================================
Analysis Timestamp: 2025-09-09T01:19:38.867143
Total Configurations Analyzed: 144

CONFIGURATION SUMMARY:
----------------------------------------------------------------------------------------------------
Workers  Compute Time (s) RAPL Energy (J) eBPF Energy (J) CPU Util (%)
----------------------------------------------------------------------------------------------------
4        0.00            36.54           0.00            63.0        
4        0.00            34.61           0.00            64.9        
4        0.00            24.31           0.00            53.6        
4        0.00            36.38           0.00            63.0        
4        0.00            34.62           0.00            65.5        
4        0.00            28.23           0.00            64.0        
4        0.00            29.21           0.00            57.0        
4        0.00            37.70           0.00            69.5        
4        0.00            33.81           0.00            57.9        
4        0.00            26.75           0.00            60.9        
4        0.00            29.09           0.00            58.7        
4        0.00            35.46           0.00            59.8        
5        0.00            39.92           0.00            65.5        
5        0.00            28.77           0.00            69.0        
5        0.00            25.95           0.00            55.9        
5        0.00            37.60           0.00            64.0        
5        0.00            38.47           0.00            70.7        
5        0.00            27.45           0.00            64.6        
5        0.00            23.61           0.00            58.3        
5        0.00            39.49           0.00            68.7        
5        0.00            39.89           0.00            67.3        
5        0.00            28.48           0.00            61.1        
5        0.00            27.11           0.00            59.6        
5        0.00            45.41           0.00            71.0        
6        0.00            41.88           0.00            67.3        
6        0.00            32.72           0.00            66.9        
6        0.00            24.00           0.00            54.8        
6        0.00            43.04           0.00            63.2        
6        0.00            39.49           0.00            67.2        
6        0.00            29.78           0.00            62.6        
6        0.00            23.28           0.00            60.0        
6        0.00            42.08           0.00            66.4        
6        0.00            42.69           0.00            58.6        
6        0.00            27.53           0.00            61.8        
6        0.00            23.92           0.00            54.0        
6        0.00            42.50           0.00            59.3        
7        0.00            42.15           0.00            70.0        
7        0.00            28.38           0.00            62.3        
7        0.00            23.04           0.00            53.9        
7        0.00            47.23           0.00            65.8        
7        0.00            40.78           0.00            74.1        
7        0.00            29.18           0.00            69.8        
7        0.00            24.34           0.00            59.3        
7        0.00            41.80           0.00            72.4        
7        0.00            43.42           0.00            67.0        
7        0.00            31.11           0.00            64.5        
7        0.00            31.97           0.00            62.4        
7        0.00            46.35           0.00            65.2        
8        0.00            41.34           0.00            73.7        
8        0.00            30.05           0.00            68.7        
8        0.00            28.61           0.00            57.4        
8        0.00            46.19           0.00            64.9        
8        0.00            39.85           0.00            78.8        
8        0.00            29.21           0.00            71.4        
8        0.00            25.26           0.00            57.4        
8        0.00            45.23           0.00            74.5        
8        0.00            42.75           0.00            70.0        
8        0.00            30.37           0.00            67.5        
8        0.00            26.02           0.00            52.8        
8        0.00            47.00           0.00            60.3        
9        0.00            42.07           0.00            73.2        
9        0.00            33.46           0.00            67.7        
9        0.00            28.71           0.00            65.8        
9        0.00            44.35           0.00            68.8        
9        0.00            40.76           0.00            78.9        
9        0.00            29.44           0.00            64.8        
9        0.00            24.11           0.00            58.4        
9        0.00            43.06           0.00            77.3        
9        0.00            43.86           0.00            64.7        
9        0.00            37.16           0.00            69.1        
9        0.00            28.95           0.00            62.5        
9        0.00            46.65           0.00            66.8        
10       0.00            41.16           0.00            72.6        
10       0.00            31.32           0.00            66.3        
10       0.00            26.29           0.00            64.7        
10       0.00            43.11           0.00            71.8        
10       0.00            40.18           0.00            76.8        
10       0.00            31.32           0.00            69.8        
10       0.00            27.48           0.00            59.5        
10       0.00            41.45           0.00            73.4        
10       0.00            42.14           0.00            71.9        
10       0.00            28.83           0.00            61.0        
10       0.00            26.64           0.00            55.5        
10       0.00            44.54           0.00            67.6        
12       0.00            40.20           0.00            80.2        
12       0.00            28.30           0.00            67.8        
12       0.00            28.40           0.00            59.5        
12       0.00            42.73           0.00            76.2        
12       0.00            38.65           0.00            78.8        
12       0.00            26.43           0.00            64.0        
12       0.00            24.38           0.00            58.7        
12       0.00            39.46           0.00            82.8        
12       0.00            41.56           0.00            70.4        
12       0.00            25.85           0.00            58.4        
12       0.00            25.92           0.00            54.8        
12       0.00            43.44           0.00            70.0        
16       0.00            43.30           0.00            80.9        
16       0.00            33.10           0.00            66.9        
16       0.00            29.87           0.00            61.0        
16       0.00            44.48           0.00            78.4        
16       0.00            39.46           0.00            80.1        
16       0.00            28.78           0.00            68.5        
16       0.00            28.05           0.00            57.3        
16       0.00            39.96           0.00            85.0        
16       0.00            43.05           0.00            70.4        
16       0.00            27.97           0.00            60.8        
16       0.00            35.68           0.00            73.1        
16       0.00            43.73           0.00            74.1        
20       0.00            42.03           0.00            83.2        
20       0.00            28.75           0.00            64.4        
20       0.00            26.18           0.00            59.9        
20       0.00            44.03           0.00            78.9        
20       0.00            40.52           0.00            84.5        
20       0.00            27.80           0.00            70.2        
20       0.00            25.80           0.00            55.0        
20       0.00            41.62           0.00            80.0        
20       0.00            42.81           0.00            79.0        
20       0.00            30.63           0.00            63.4        
20       0.00            29.47           0.00            61.4        
20       0.00            43.34           0.00            75.4        
24       0.00            42.64           0.00            84.5        
24       0.00            32.10           0.00            65.7        
24       0.00            27.36           0.00            54.1        
24       0.00            43.46           0.00            78.6        
24       0.00            40.12           0.00            80.6        
24       0.00            28.40           0.00            60.7        
24       0.00            34.21           0.00            61.2        
24       0.00            41.09           0.00            80.5        
24       0.00            42.74           0.00            79.0        
24       0.00            27.97           0.00            63.3        
24       0.00            31.34           0.00            61.3        
24       0.00            43.52           0.00            75.8        
28       0.00            41.77           0.00            83.9        
28       0.00            25.67           0.00            60.6        
28       0.00            25.22           0.00            57.1        
28       0.00            43.73           0.00            80.3        
28       0.00            40.65           0.00            84.4        
28       0.00            31.41           0.00            65.0        
28       0.00            30.53           0.00            61.4        
28       0.00            41.25           0.00            82.6        
28       0.00            43.33           0.00            81.6        
28       0.00            33.33           0.00            64.0        
28       0.00            24.26           0.00            53.4        
28       0.00            44.20           0.00            82.0        
----------------------------------------------------------------------------------------------------

PERFORMANCE TRENDS:
--------------------------------------------------
  Compute Time Improvement: -22.7% (4 → 28 workers)
  Energy Consumption Reduction: -21.0% (RAPL cores)

OPTIMAL CONFIGURATIONS:
--------------------------------------------------
  Fastest Execution: 28 workers (0.00s)
  Most Energy Efficient: 7 workers (23.04J)

====================================================================================================