# Analysis Results Summary
Analysis of memory, workers, and total_executions for each JSON file

## ml_stage0_analysis.json
==========================
| Memory | Workers | Total Executions |
|---------|---------|------------------|
| 512 | 5 | 4 |
| 512 | 6 | 4 |
| 512 | 7 | 6 |
| 512 | 8 | 6 |
| 512 | 9 | 6 |
| 512 | 10 | 7 |

## ml_stage0_aws_1024Mb_arm_analysis.json
=========================================
| Memory | Workers | Total Executions |
|---------|---------|------------------|
| 1024 | 4 | 12 |
| 1024 | 5 | 12 |
| 1024 | 6 | 12 |
| 1024 | 7 | 12 |
| 1024 | 8 | 24 |
| 1024 | 9 | 24 |
| 1024 | 10 | 24 |
| 1024 | 12 | 12 |
| 1024 | 16 | 18 |
| 1024 | 20 | 20 |
| 1024 | 24 | 17 |
| 1024 | 28 | 20 |

## ml_stage0_aws_1024Mb_x86_analysis.json
=========================================
| Memory | Workers | Total Executions |
|---------|---------|------------------|
| 1024 | 4 | 10 |
| 1024 | 5 | 10 |
| 1024 | 6 | 10 |
| 1024 | 7 | 10 |
| 1024 | 8 | 10 |
| 1024 | 9 | 10 |
| 1024 | 10 | 10 |
| 1024 | 12 | 10 |
| 1024 | 16 | 10 |
| 1024 | 20 | 10 |
| 1024 | 24 | 10 |
| 1024 | 28 | 10 |

## ml_stage0_aws_2048Mb_arm_analysis.json
=========================================
| Memory | Workers | Total Executions |
|---------|---------|------------------|
| 2048 | 4 | 19 |
| 2048 | 5 | 19 |
| 2048 | 6 | 17 |
| 2048 | 7 | 22 |
| 2048 | 8 | 10 |
| 2048 | 9 | 13 |
| 2048 | 10 | 15 |
| 2048 | 12 | 16 |
| 2048 | 16 | 12 |
| 2048 | 20 | 24 |
| 2048 | 24 | 15 |
| 2048 | 28 | 14 |

## ml_stage0_aws_2048Mb_x86_analysis.json
=========================================
| Memory | Workers | Total Executions |
|---------|---------|------------------|
| 2048 | 4 | 13 |
| 2048 | 5 | 14 |
| 2048 | 6 | 13 |
| 2048 | 7 | 14 |
| 2048 | 8 | 15 |
| 2048 | 9 | 14 |
| 2048 | 10 | 14 |
| 2048 | 12 | 15 |
| 2048 | 16 | 15 |
| 2048 | 20 | 15 |
| 2048 | 24 | 13 |
| 2048 | 28 | 14 |

## ml_stage0_aws_512Mb_arm_analysis.json
========================================
| Memory | Workers | Total Executions |
|---------|---------|------------------|
| 512 | 4 | 16 |
| 512 | 5 | 16 |
| 512 | 6 | 16 |
| 512 | 7 | 16 |
| 512 | 8 | 16 |
| 512 | 9 | 18 |
| 512 | 10 | 16 |
| 512 | 12 | 18 |
| 512 | 16 | 16 |
| 512 | 20 | 20 |
| 512 | 24 | 16 |
| 512 | 28 | 16 |

## ml_stage0_aws_512Mb_x86_analysis.json
========================================
| Memory | Workers | Total Executions |
|---------|---------|------------------|
| 512 | 4 | 10 |
| 512 | 5 | 10 |
| 512 | 6 | 10 |
| 512 | 7 | 10 |
| 512 | 8 | 10 |
| 512 | 9 | 10 |
| 512 | 10 | 10 |
| 512 | 12 | 10 |
| 512 | 16 | 9 |
| 512 | 20 | 9 |
| 512 | 24 | 10 |
| 512 | 28 | 10 |

## ml_stage1_analysis.json
==========================
| Memory | Workers | Total Executions |
|---------|---------|------------------|
| 512 | 5 | 4 |
| 512 | 6 | 4 |
| 512 | 7 | 6 |
| 512 | 8 | 6 |
| 512 | 9 | 6 |
| 512 | 10 | 7 |

## ml_stage1_aws_1024Mb_arm_analysis.json
=========================================
| Memory | Workers | Total Executions |
|---------|---------|------------------|
| 1024 | 4 | 12 |
| 1024 | 5 | 12 |
| 1024 | 6 | 12 |
| 1024 | 7 | 12 |
| 1024 | 8 | 24 |
| 1024 | 9 | 24 |
| 1024 | 10 | 24 |
| 1024 | 12 | 12 |
| 1024 | 16 | 18 |
| 1024 | 20 | 20 |
| 1024 | 24 | 17 |
| 1024 | 28 | 20 |

## ml_stage1_aws_1024Mb_x86_analysis.json
=========================================
| Memory | Workers | Total Executions |
|---------|---------|------------------|
| 1024 | 4 | 10 |
| 1024 | 5 | 10 |
| 1024 | 6 | 10 |
| 1024 | 7 | 10 |
| 1024 | 8 | 10 |
| 1024 | 9 | 10 |
| 1024 | 10 | 10 |
| 1024 | 12 | 10 |
| 1024 | 16 | 10 |
| 1024 | 20 | 10 |
| 1024 | 24 | 10 |
| 1024 | 28 | 10 |

## ml_stage1_aws_2048Mb_arm_analysis.json
=========================================
| Memory | Workers | Total Executions |
|---------|---------|------------------|
| 2048 | 4 | 19 |
| 2048 | 5 | 19 |
| 2048 | 6 | 17 |
| 2048 | 7 | 22 |
| 2048 | 8 | 10 |
| 2048 | 9 | 13 |
| 2048 | 10 | 15 |
| 2048 | 12 | 16 |
| 2048 | 16 | 12 |
| 2048 | 20 | 24 |
| 2048 | 24 | 15 |
| 2048 | 28 | 14 |

## ml_stage1_aws_2048Mb_x86_analysis.json
=========================================
| Memory | Workers | Total Executions |
|---------|---------|------------------|
| 2048 | 4 | 13 |
| 2048 | 5 | 14 |
| 2048 | 6 | 13 |
| 2048 | 7 | 14 |
| 2048 | 8 | 15 |
| 2048 | 9 | 14 |
| 2048 | 10 | 14 |
| 2048 | 12 | 15 |
| 2048 | 16 | 15 |
| 2048 | 20 | 15 |
| 2048 | 24 | 13 |
| 2048 | 28 | 14 |

## ml_stage1_aws_512Mb_arm_analysis.json
========================================
| Memory | Workers | Total Executions |
|---------|---------|------------------|
| 512 | 4 | 16 |
| 512 | 5 | 16 |
| 512 | 6 | 16 |
| 512 | 7 | 16 |
| 512 | 8 | 16 |
| 512 | 9 | 18 |
| 512 | 10 | 16 |
| 512 | 12 | 18 |
| 512 | 16 | 16 |
| 512 | 20 | 20 |
| 512 | 24 | 16 |
| 512 | 28 | 16 |

## ml_stage1_aws_512Mb_x86_analysis.json
========================================
| Memory | Workers | Total Executions |
|---------|---------|------------------|
| 512 | 4 | 10 |
| 512 | 5 | 10 |
| 512 | 6 | 10 |
| 512 | 7 | 10 |
| 512 | 8 | 10 |
| 512 | 9 | 10 |
| 512 | 10 | 10 |
| 512 | 12 | 10 |
| 512 | 16 | 9 |
| 512 | 20 | 9 |
| 512 | 24 | 10 |
| 512 | 28 | 10 |

## ml_stage2_analysis.json
==========================
| Memory | Workers | Total Executions |
|---------|---------|------------------|
| 512 | 5 | 4 |
| 512 | 6 | 4 |
| 512 | 7 | 6 |
| 512 | 8 | 6 |
| 512 | 9 | 6 |
| 512 | 10 | 7 |

## ml_stage2_aws_1024Mb_arm_analysis.json
=========================================
| Memory | Workers | Total Executions |
|---------|---------|------------------|
| 1024 | 4 | 12 |
| 1024 | 5 | 12 |
| 1024 | 6 | 12 |
| 1024 | 7 | 12 |
| 1024 | 8 | 24 |
| 1024 | 9 | 24 |
| 1024 | 10 | 24 |
| 1024 | 12 | 12 |
| 1024 | 16 | 18 |
| 1024 | 20 | 20 |
| 1024 | 24 | 17 |
| 1024 | 28 | 20 |

## ml_stage2_aws_1024Mb_x86_analysis.json
=========================================
| Memory | Workers | Total Executions |
|---------|---------|------------------|
| 1024 | 4 | 10 |
| 1024 | 5 | 10 |
| 1024 | 6 | 10 |
| 1024 | 7 | 10 |
| 1024 | 8 | 10 |
| 1024 | 9 | 10 |
| 1024 | 10 | 10 |
| 1024 | 12 | 10 |
| 1024 | 16 | 10 |
| 1024 | 20 | 10 |
| 1024 | 24 | 10 |
| 1024 | 28 | 10 |

## ml_stage2_aws_2048Mb_arm_analysis.json
=========================================
| Memory | Workers | Total Executions |
|---------|---------|------------------|
| 2048 | 4 | 19 |
| 2048 | 5 | 19 |
| 2048 | 6 | 17 |
| 2048 | 7 | 22 |
| 2048 | 8 | 10 |
| 2048 | 9 | 13 |
| 2048 | 10 | 15 |
| 2048 | 12 | 16 |
| 2048 | 16 | 12 |
| 2048 | 20 | 24 |
| 2048 | 24 | 15 |
| 2048 | 28 | 14 |

## ml_stage2_aws_2048Mb_x86_analysis.json
=========================================
| Memory | Workers | Total Executions |
|---------|---------|------------------|
| 2048 | 4 | 13 |
| 2048 | 5 | 14 |
| 2048 | 6 | 13 |
| 2048 | 7 | 14 |
| 2048 | 8 | 15 |
| 2048 | 9 | 14 |
| 2048 | 10 | 14 |
| 2048 | 12 | 15 |
| 2048 | 16 | 15 |
| 2048 | 20 | 15 |
| 2048 | 24 | 13 |
| 2048 | 28 | 14 |

## ml_stage2_aws_512Mb_arm_analysis.json
========================================
| Memory | Workers | Total Executions |
|---------|---------|------------------|
| 512 | 4 | 16 |
| 512 | 5 | 16 |
| 512 | 6 | 16 |
| 512 | 7 | 16 |
| 512 | 8 | 16 |
| 512 | 9 | 18 |
| 512 | 10 | 16 |
| 512 | 12 | 18 |
| 512 | 16 | 16 |
| 512 | 20 | 20 |
| 512 | 24 | 16 |
| 512 | 28 | 16 |

## ml_stage2_aws_512Mb_x86_analysis.json
========================================
| Memory | Workers | Total Executions |
|---------|---------|------------------|
| 512 | 4 | 10 |
| 512 | 5 | 10 |
| 512 | 6 | 10 |
| 512 | 7 | 10 |
| 512 | 8 | 10 |
| 512 | 9 | 10 |
| 512 | 10 | 10 |
| 512 | 12 | 10 |
| 512 | 16 | 9 |
| 512 | 20 | 9 |
| 512 | 24 | 10 |
| 512 | 28 | 10 |

## ml_stage3_analysis.json
==========================
| Memory | Workers | Total Executions |
|---------|---------|------------------|
| 512 | 5 | 4 |
| 512 | 6 | 4 |
| 512 | 7 | 6 |
| 512 | 8 | 6 |
| 512 | 9 | 6 |
| 512 | 10 | 7 |

## ml_stage3_aws_1024Mb_arm_analysis.json
=========================================
| Memory | Workers | Total Executions |
|---------|---------|------------------|
| 1024 | 4 | 12 |
| 1024 | 5 | 12 |
| 1024 | 6 | 12 |
| 1024 | 7 | 12 |
| 1024 | 8 | 24 |
| 1024 | 9 | 24 |
| 1024 | 10 | 24 |
| 1024 | 12 | 12 |
| 1024 | 16 | 18 |
| 1024 | 20 | 20 |
| 1024 | 24 | 17 |
| 1024 | 28 | 20 |

## ml_stage3_aws_1024Mb_x86_analysis.json
=========================================
| Memory | Workers | Total Executions |
|---------|---------|------------------|
| 1024 | 4 | 10 |
| 1024 | 5 | 10 |
| 1024 | 6 | 10 |
| 1024 | 7 | 10 |
| 1024 | 8 | 10 |
| 1024 | 9 | 10 |
| 1024 | 10 | 10 |
| 1024 | 12 | 10 |
| 1024 | 16 | 10 |
| 1024 | 20 | 10 |
| 1024 | 24 | 10 |
| 1024 | 28 | 10 |

## ml_stage3_aws_2048Mb_arm_analysis.json
=========================================
| Memory | Workers | Total Executions |
|---------|---------|------------------|
| 2048 | 4 | 19 |
| 2048 | 5 | 19 |
| 2048 | 6 | 17 |
| 2048 | 7 | 22 |
| 2048 | 8 | 10 |
| 2048 | 9 | 13 |
| 2048 | 10 | 15 |
| 2048 | 12 | 16 |
| 2048 | 16 | 12 |
| 2048 | 20 | 24 |
| 2048 | 24 | 11 |
| 2048 | 28 | 10 |

## ml_stage3_aws_2048Mb_x86_analysis.json
=========================================
| Memory | Workers | Total Executions |
|---------|---------|------------------|
| 2048 | 4 | 13 |
| 2048 | 5 | 14 |
| 2048 | 6 | 13 |
| 2048 | 7 | 14 |
| 2048 | 8 | 15 |
| 2048 | 9 | 14 |
| 2048 | 10 | 14 |
| 2048 | 12 | 15 |
| 2048 | 16 | 15 |
| 2048 | 20 | 15 |
| 2048 | 24 | 13 |
| 2048 | 28 | 14 |

## ml_stage3_aws_512Mb_arm_analysis.json
========================================
| Memory | Workers | Total Executions |
|---------|---------|------------------|
| 512 | 4 | 16 |
| 512 | 5 | 16 |
| 512 | 6 | 16 |
| 512 | 7 | 16 |
| 512 | 8 | 16 |
| 512 | 9 | 18 |
| 512 | 10 | 16 |
| 512 | 12 | 18 |
| 512 | 16 | 16 |
| 512 | 20 | 20 |
| 512 | 24 | 16 |
| 512 | 28 | 16 |

## ml_stage3_aws_512Mb_x86_analysis.json
========================================
| Memory | Workers | Total Executions |
|---------|---------|------------------|
| 512 | 4 | 10 |
| 512 | 5 | 10 |
| 512 | 6 | 10 |
| 512 | 7 | 10 |
| 512 | 8 | 10 |
| 512 | 9 | 10 |
| 512 | 10 | 10 |
| 512 | 12 | 10 |
| 512 | 16 | 9 |
| 512 | 20 | 9 |
| 512 | 24 | 10 |
| 512 | 28 | 10 |

## pi_stage_1024Mb_x86_analysis.json
====================================
| Memory | Workers | Total Executions |
|---------|---------|------------------|
| 1024 | 4 | 10 |
| 1024 | 5 | 10 |
| 1024 | 6 | 10 |
| 1024 | 7 | 10 |
| 1024 | 8 | 10 |
| 1024 | 9 | 10 |
| 1024 | 10 | 10 |
| 1024 | 12 | 10 |
| 1024 | 16 | 10 |
| 1024 | 20 | 10 |
| 1024 | 24 | 10 |
| 1024 | 28 | 10 |

## pi_stage_2048Mb_x86_analysis.json
====================================
| Memory | Workers | Total Executions |
|---------|---------|------------------|
| 2048 | 4 | 10 |
| 2048 | 5 | 10 |
| 2048 | 6 | 10 |
| 2048 | 7 | 10 |
| 2048 | 8 | 10 |
| 2048 | 9 | 10 |
| 2048 | 10 | 10 |
| 2048 | 12 | 10 |
| 2048 | 16 | 10 |
| 2048 | 20 | 10 |
| 2048 | 24 | 10 |
| 2048 | 28 | 10 |

## pi_stage_512Mb_x86_analysis.json
===================================
| Memory | Workers | Total Executions |
|---------|---------|------------------|
| 512 | 4 | 10 |
| 512 | 5 | 10 |
| 512 | 6 | 10 |
| 512 | 7 | 10 |
| 512 | 8 | 10 |
| 512 | 9 | 10 |
| 512 | 10 | 10 |
| 512 | 12 | 10 |
| 512 | 16 | 10 |
| 512 | 20 | 10 |
| 512 | 24 | 10 |
| 512 | 28 | 10 |

## pi_stage_aws_1024Mb_arm_analysis.json
========================================
| Memory | Workers | Total Executions |
|---------|---------|------------------|
| 1024 | 4 | 11 |
| 1024 | 5 | 10 |
| 1024 | 6 | 10 |
| 1024 | 7 | 10 |
| 1024 | 8 | 10 |
| 1024 | 9 | 10 |
| 1024 | 10 | 13 |
| 1024 | 12 | 10 |
| 1024 | 16 | 10 |
| 1024 | 20 | 11 |
| 1024 | 24 | 11 |
| 1024 | 28 | 11 |

## pi_stage_aws_1024Mb_x86_analysis.json
========================================
| Memory | Workers | Total Executions |
|---------|---------|------------------|
| 1024 | 4 | 10 |
| 1024 | 5 | 10 |
| 1024 | 6 | 10 |
| 1024 | 7 | 10 |
| 1024 | 8 | 10 |
| 1024 | 9 | 10 |
| 1024 | 10 | 10 |
| 1024 | 12 | 10 |
| 1024 | 16 | 10 |
| 1024 | 20 | 10 |
| 1024 | 24 | 10 |
| 1024 | 28 | 10 |

## pi_stage_aws_2048MB_x86_analysis.json
========================================
| Memory | Workers | Total Executions |
|---------|---------|------------------|
| 2048 | 4 | 13 |
| 2048 | 5 | 13 |
| 2048 | 6 | 13 |
| 2048 | 7 | 13 |
| 2048 | 8 | 13 |
| 2048 | 9 | 13 |
| 2048 | 10 | 14 |
| 2048 | 12 | 14 |
| 2048 | 16 | 14 |
| 2048 | 20 | 15 |
| 2048 | 24 | 16 |
| 2048 | 28 | 16 |

## pi_stage_aws_2048Mb_arm_analysis.json
========================================
| Memory | Workers | Total Executions |
|---------|---------|------------------|
| 2048 | 4 | 10 |
| 2048 | 5 | 10 |
| 2048 | 6 | 10 |
| 2048 | 7 | 10 |
| 2048 | 8 | 10 |
| 2048 | 9 | 10 |
| 2048 | 10 | 10 |
| 2048 | 12 | 10 |
| 2048 | 16 | 10 |
| 2048 | 20 | 10 |
| 2048 | 24 | 10 |
| 2048 | 28 | 10 |

## pi_stage_aws_512Mb_arm_analysis.json
=======================================
| Memory | Workers | Total Executions |
|---------|---------|------------------|
| 512 | 4 | 10 |
| 512 | 5 | 10 |
| 512 | 6 | 10 |
| 512 | 7 | 10 |
| 512 | 8 | 10 |
| 512 | 9 | 10 |
| 512 | 10 | 10 |
| 512 | 12 | 10 |
| 512 | 16 | 10 |
| 512 | 20 | 10 |
| 512 | 24 | 10 |
| 512 | 28 | 10 |

## pi_stage_aws_512Mb_x86_analysis.json
=======================================
| Memory | Workers | Total Executions |
|---------|---------|------------------|
| 512 | 4 | 10 |
| 512 | 5 | 10 |
| 512 | 6 | 10 |
| 512 | 7 | 10 |
| 512 | 8 | 10 |
| 512 | 9 | 10 |
| 512 | 10 | 10 |
| 512 | 12 | 10 |
| 512 | 16 | 10 |
| 512 | 20 | 10 |
| 512 | 24 | 10 |
| 512 | 28 | 10 |

## titanic_stage_aws_1024Mb_arm_analysis.json
=============================================
| Memory | Workers | Total Executions |
|---------|---------|------------------|
| 1024 | 4 | 8 |
| 1024 | 5 | 8 |
| 1024 | 6 | 8 |
| 1024 | 7 | 9 |
| 1024 | 8 | 9 |
| 1024 | 9 | 9 |
| 1024 | 10 | 9 |
| 1024 | 12 | 9 |
| 1024 | 16 | 8 |
| 1024 | 20 | 9 |
| 1024 | 24 | 9 |
| 1024 | 28 | 9 |

## titanic_stage_aws_1024Mb_x86_analysis.json
=============================================
| Memory | Workers | Total Executions |
|---------|---------|------------------|
| 1024 | 4 | 10 |
| 1024 | 5 | 10 |
| 1024 | 6 | 10 |
| 1024 | 7 | 10 |
| 1024 | 8 | 10 |
| 1024 | 9 | 10 |
| 1024 | 10 | 10 |
| 1024 | 12 | 10 |
| 1024 | 16 | 10 |
| 1024 | 20 | 10 |
| 1024 | 24 | 10 |
| 1024 | 28 | 11 |

## titanic_stage_aws_2048Mb_arm_analysis.json
=============================================
| Memory | Workers | Total Executions |
|---------|---------|------------------|
| 2048 | 4 | 10 |
| 2048 | 5 | 10 |
| 2048 | 6 | 10 |
| 2048 | 7 | 10 |
| 2048 | 8 | 10 |
| 2048 | 9 | 10 |
| 2048 | 10 | 10 |
| 2048 | 12 | 10 |
| 2048 | 16 | 10 |
| 2048 | 20 | 10 |
| 2048 | 24 | 10 |
| 2048 | 28 | 10 |

## titanic_stage_aws_2048Mb_x86_analysis.json
=============================================
| Memory | Workers | Total Executions |
|---------|---------|------------------|
| 2048 | 4 | 10 |
| 2048 | 5 | 10 |
| 2048 | 6 | 10 |
| 2048 | 7 | 10 |
| 2048 | 8 | 10 |
| 2048 | 9 | 10 |
| 2048 | 10 | 10 |
| 2048 | 12 | 10 |
| 2048 | 16 | 10 |
| 2048 | 20 | 10 |
| 2048 | 24 | 10 |
| 2048 | 28 | 10 |

## titanic_stage_aws_512Mb_arm_analysis.json
============================================
| Memory | Workers | Total Executions |
|---------|---------|------------------|
| 512 | 12 | 5 |
| 512 | 16 | 5 |
| 512 | 20 | 5 |
| 512 | 24 | 5 |
| 512 | 28 | 5 |

## titanic_stage_aws_512Mb_x86_analysis.json
============================================
| Memory | Workers | Total Executions |
|---------|---------|------------------|
| 512 | 12 | 17 |
| 512 | 16 | 17 |
| 512 | 20 | 17 |
| 512 | 24 | 17 |
| 512 | 28 | 17 |

## video_stage0_1024_x86_analysis.json
======================================
| Memory | Workers | Total Executions |
|---------|---------|------------------|
| 1024 | 4 | 11 |
| 1024 | 5 | 11 |
| 1024 | 6 | 11 |
| 1024 | 7 | 11 |
| 1024 | 8 | 11 |
| 1024 | 9 | 11 |
| 1024 | 10 | 11 |
| 1024 | 12 | 11 |
| 1024 | 16 | 11 |
| 1024 | 20 | 11 |
| 1024 | 24 | 11 |
| 1024 | 28 | 11 |

## video_stage0_2048_x86_analysis.json
======================================
| Memory | Workers | Total Executions |
|---------|---------|------------------|
| 2048 | 4 | 12 |
| 2048 | 5 | 12 |
| 2048 | 6 | 12 |
| 2048 | 7 | 12 |
| 2048 | 8 | 12 |
| 2048 | 9 | 12 |
| 2048 | 10 | 12 |
| 2048 | 12 | 12 |
| 2048 | 16 | 12 |
| 2048 | 20 | 12 |
| 2048 | 24 | 12 |
| 2048 | 28 | 12 |

## video_stage0_512_x86_analysis.json
=====================================
| Memory | Workers | Total Executions |
|---------|---------|------------------|
| 512 | 4 | 11 |
| 512 | 5 | 11 |
| 512 | 6 | 11 |
| 512 | 7 | 11 |
| 512 | 8 | 11 |
| 512 | 9 | 11 |
| 512 | 10 | 11 |
| 512 | 12 | 11 |
| 512 | 16 | 11 |
| 512 | 20 | 11 |
| 512 | 24 | 11 |
| 512 | 28 | 11 |

## video_stage0_aws_1024Mb_arm_analysis.json
============================================
| Memory | Workers | Total Executions |
|---------|---------|------------------|
| 1024 | 4 | 8 |
| 1024 | 5 | 13 |
| 1024 | 6 | 12 |
| 1024 | 7 | 12 |
| 1024 | 8 | 11 |
| 1024 | 9 | 11 |
| 1024 | 10 | 13 |
| 1024 | 12 | 15 |
| 1024 | 16 | 14 |
| 1024 | 20 | 15 |
| 1024 | 24 | 13 |
| 1024 | 28 | 15 |

## video_stage0_aws_1024Mb_x86_analysis.json
============================================
| Memory | Workers | Total Executions |
|---------|---------|------------------|
| 1024 | 4 | 10 |
| 1024 | 5 | 9 |
| 1024 | 6 | 9 |
| 1024 | 7 | 9 |
| 1024 | 8 | 10 |
| 1024 | 9 | 11 |
| 1024 | 10 | 12 |
| 1024 | 12 | 11 |
| 1024 | 16 | 12 |
| 1024 | 20 | 13 |
| 1024 | 24 | 12 |
| 1024 | 28 | 14 |

## video_stage0_aws_2048Mb_arm_analysis.json
============================================
| Memory | Workers | Total Executions |
|---------|---------|------------------|
| 2048 | 4 | 11 |
| 2048 | 5 | 12 |
| 2048 | 6 | 10 |
| 2048 | 7 | 9 |
| 2048 | 8 | 12 |
| 2048 | 9 | 10 |
| 2048 | 10 | 9 |
| 2048 | 12 | 9 |
| 2048 | 16 | 11 |
| 2048 | 20 | 11 |
| 2048 | 24 | 10 |
| 2048 | 28 | 11 |

## video_stage0_aws_2048Mb_x86_analysis.json
============================================
| Memory | Workers | Total Executions |
|---------|---------|------------------|
| 2048 | 4 | 8 |
| 2048 | 5 | 8 |
| 2048 | 6 | 8 |
| 2048 | 7 | 8 |
| 2048 | 8 | 8 |
| 2048 | 9 | 8 |
| 2048 | 10 | 8 |
| 2048 | 12 | 9 |
| 2048 | 16 | 8 |
| 2048 | 20 | 8 |
| 2048 | 24 | 8 |
| 2048 | 28 | 8 |

## video_stage0_aws_512Mb_arm_analysis.json
===========================================
| Memory | Workers | Total Executions |
|---------|---------|------------------|
| 512 | 4 | 8 |
| 512 | 5 | 7 |
| 512 | 6 | 7 |
| 512 | 7 | 8 |
| 512 | 8 | 8 |
| 512 | 9 | 8 |
| 512 | 10 | 8 |
| 512 | 12 | 8 |
| 512 | 16 | 8 |
| 512 | 20 | 7 |
| 512 | 24 | 7 |
| 512 | 28 | 8 |

## video_stage0_aws_512Mb_x86_analysis.json
===========================================
| Memory | Workers | Total Executions |
|---------|---------|------------------|
| 512 | 4 | 7 |
| 512 | 5 | 7 |
| 512 | 6 | 8 |
| 512 | 7 | 8 |
| 512 | 8 | 8 |
| 512 | 9 | 8 |
| 512 | 10 | 7 |
| 512 | 12 | 7 |
| 512 | 16 | 8 |
| 512 | 20 | 8 |
| 512 | 24 | 8 |
| 512 | 28 | 8 |

## video_stage1_1024_x86_analysis.json
======================================
| Memory | Workers | Total Executions |
|---------|---------|------------------|
| 1024 | 4 | 11 |
| 1024 | 5 | 11 |
| 1024 | 6 | 11 |
| 1024 | 7 | 11 |
| 1024 | 8 | 11 |
| 1024 | 9 | 11 |
| 1024 | 10 | 11 |
| 1024 | 12 | 11 |
| 1024 | 16 | 11 |
| 1024 | 20 | 11 |
| 1024 | 24 | 11 |
| 1024 | 28 | 11 |

## video_stage1_2048_x86_analysis.json
======================================
| Memory | Workers | Total Executions |
|---------|---------|------------------|
| 2048 | 4 | 12 |
| 2048 | 5 | 12 |
| 2048 | 6 | 12 |
| 2048 | 7 | 12 |
| 2048 | 8 | 12 |
| 2048 | 9 | 12 |
| 2048 | 10 | 12 |
| 2048 | 12 | 12 |
| 2048 | 16 | 12 |
| 2048 | 20 | 12 |
| 2048 | 24 | 12 |
| 2048 | 28 | 12 |

## video_stage1_512_x86_analysis.json
=====================================
| Memory | Workers | Total Executions |
|---------|---------|------------------|
| 512 | 4 | 11 |
| 512 | 5 | 11 |
| 512 | 6 | 11 |
| 512 | 7 | 11 |
| 512 | 8 | 11 |
| 512 | 9 | 11 |
| 512 | 10 | 11 |
| 512 | 12 | 11 |
| 512 | 16 | 11 |
| 512 | 20 | 11 |
| 512 | 24 | 11 |
| 512 | 28 | 11 |

## video_stage1_aws_1024Mb_arm_analysis.json
============================================
| Memory | Workers | Total Executions |
|---------|---------|------------------|
| 1024 | 4 | 8 |
| 1024 | 5 | 13 |
| 1024 | 6 | 12 |
| 1024 | 7 | 12 |
| 1024 | 8 | 11 |
| 1024 | 9 | 11 |
| 1024 | 10 | 13 |
| 1024 | 12 | 15 |
| 1024 | 16 | 14 |
| 1024 | 20 | 15 |
| 1024 | 24 | 13 |
| 1024 | 28 | 15 |

## video_stage1_aws_1024Mb_x86_analysis.json
============================================
| Memory | Workers | Total Executions |
|---------|---------|------------------|
| 1024 | 4 | 10 |
| 1024 | 5 | 9 |
| 1024 | 6 | 9 |
| 1024 | 7 | 9 |
| 1024 | 8 | 10 |
| 1024 | 9 | 11 |
| 1024 | 10 | 12 |
| 1024 | 12 | 11 |
| 1024 | 16 | 12 |
| 1024 | 20 | 13 |
| 1024 | 24 | 12 |
| 1024 | 28 | 14 |

## video_stage1_aws_2048Mb_arm_analysis.json
============================================
| Memory | Workers | Total Executions |
|---------|---------|------------------|
| 2048 | 4 | 11 |
| 2048 | 5 | 12 |
| 2048 | 6 | 10 |
| 2048 | 7 | 9 |
| 2048 | 8 | 13 |
| 2048 | 9 | 10 |
| 2048 | 10 | 9 |
| 2048 | 12 | 9 |
| 2048 | 16 | 12 |
| 2048 | 20 | 11 |
| 2048 | 24 | 10 |
| 2048 | 28 | 11 |

## video_stage1_aws_2048Mb_x86_analysis.json
============================================
| Memory | Workers | Total Executions |
|---------|---------|------------------|
| 2048 | 4 | 8 |
| 2048 | 5 | 8 |
| 2048 | 6 | 8 |
| 2048 | 7 | 8 |
| 2048 | 8 | 8 |
| 2048 | 9 | 8 |
| 2048 | 10 | 8 |
| 2048 | 12 | 9 |
| 2048 | 16 | 8 |
| 2048 | 20 | 8 |
| 2048 | 24 | 8 |
| 2048 | 28 | 8 |

## video_stage1_aws_512Mb_arm_analysis.json
===========================================
| Memory | Workers | Total Executions |
|---------|---------|------------------|
| 512 | 4 | 8 |
| 512 | 5 | 7 |
| 512 | 6 | 7 |
| 512 | 7 | 8 |
| 512 | 8 | 8 |
| 512 | 9 | 8 |
| 512 | 10 | 8 |
| 512 | 12 | 8 |
| 512 | 16 | 8 |
| 512 | 20 | 7 |
| 512 | 24 | 7 |
| 512 | 28 | 8 |

## video_stage1_aws_512Mb_x86_analysis.json
===========================================
| Memory | Workers | Total Executions |
|---------|---------|------------------|
| 512 | 4 | 7 |
| 512 | 5 | 7 |
| 512 | 6 | 8 |
| 512 | 7 | 8 |
| 512 | 8 | 8 |
| 512 | 9 | 8 |
| 512 | 10 | 7 |
| 512 | 12 | 7 |
| 512 | 16 | 8 |
| 512 | 20 | 8 |
| 512 | 24 | 8 |
| 512 | 28 | 8 |

## video_stage2_1024_x86_analysis.json
======================================
| Memory | Workers | Total Executions |
|---------|---------|------------------|
| 1024 | 4 | 11 |
| 1024 | 5 | 11 |
| 1024 | 6 | 11 |
| 1024 | 7 | 11 |
| 1024 | 8 | 11 |
| 1024 | 9 | 11 |
| 1024 | 10 | 11 |
| 1024 | 12 | 11 |
| 1024 | 16 | 11 |
| 1024 | 20 | 11 |
| 1024 | 24 | 11 |
| 1024 | 28 | 11 |

## video_stage2_2048_x86_analysis.json
======================================
| Memory | Workers | Total Executions |
|---------|---------|------------------|
| 2048 | 4 | 12 |
| 2048 | 5 | 12 |
| 2048 | 6 | 12 |
| 2048 | 7 | 12 |
| 2048 | 8 | 12 |
| 2048 | 9 | 12 |
| 2048 | 10 | 12 |
| 2048 | 12 | 12 |
| 2048 | 16 | 12 |
| 2048 | 20 | 12 |
| 2048 | 24 | 12 |
| 2048 | 28 | 12 |

## video_stage2_512_x86_analysis.json
=====================================
| Memory | Workers | Total Executions |
|---------|---------|------------------|
| 512 | 4 | 11 |
| 512 | 5 | 11 |
| 512 | 6 | 11 |
| 512 | 7 | 11 |
| 512 | 8 | 11 |
| 512 | 9 | 11 |
| 512 | 10 | 11 |
| 512 | 12 | 11 |
| 512 | 16 | 11 |
| 512 | 20 | 11 |
| 512 | 24 | 11 |
| 512 | 28 | 11 |

## video_stage2_aws_1024Mb_arm_analysis.json
============================================
| Memory | Workers | Total Executions |
|---------|---------|------------------|
| 1024 | 4 | 8 |
| 1024 | 5 | 13 |
| 1024 | 6 | 12 |
| 1024 | 7 | 12 |
| 1024 | 8 | 11 |
| 1024 | 9 | 11 |
| 1024 | 10 | 13 |
| 1024 | 12 | 15 |
| 1024 | 16 | 14 |
| 1024 | 20 | 15 |
| 1024 | 24 | 13 |
| 1024 | 28 | 15 |

## video_stage2_aws_1024Mb_x86_analysis.json
============================================
| Memory | Workers | Total Executions |
|---------|---------|------------------|
| 1024 | 4 | 10 |
| 1024 | 5 | 9 |
| 1024 | 6 | 9 |
| 1024 | 7 | 9 |
| 1024 | 8 | 10 |
| 1024 | 9 | 11 |
| 1024 | 10 | 12 |
| 1024 | 12 | 11 |
| 1024 | 16 | 12 |
| 1024 | 20 | 13 |
| 1024 | 24 | 12 |
| 1024 | 28 | 14 |

## video_stage2_aws_2048Mb_arm_analysis.json
============================================
| Memory | Workers | Total Executions |
|---------|---------|------------------|
| 2048 | 4 | 11 |
| 2048 | 5 | 12 |
| 2048 | 6 | 10 |
| 2048 | 7 | 9 |
| 2048 | 8 | 13 |
| 2048 | 9 | 10 |
| 2048 | 10 | 9 |
| 2048 | 12 | 9 |
| 2048 | 16 | 12 |
| 2048 | 20 | 11 |
| 2048 | 24 | 10 |
| 2048 | 28 | 11 |

## video_stage2_aws_2048Mb_x86_analysis.json
============================================
| Memory | Workers | Total Executions |
|---------|---------|------------------|
| 2048 | 4 | 8 |
| 2048 | 5 | 8 |
| 2048 | 6 | 8 |
| 2048 | 7 | 8 |
| 2048 | 8 | 8 |
| 2048 | 9 | 8 |
| 2048 | 10 | 8 |
| 2048 | 12 | 9 |
| 2048 | 16 | 8 |
| 2048 | 20 | 8 |
| 2048 | 24 | 8 |
| 2048 | 28 | 8 |

## video_stage2_aws_512Mb_arm_analysis.json
===========================================
| Memory | Workers | Total Executions |
|---------|---------|------------------|
| 512 | 4 | 8 |
| 512 | 5 | 7 |
| 512 | 6 | 7 |
| 512 | 7 | 8 |
| 512 | 8 | 8 |
| 512 | 9 | 8 |
| 512 | 10 | 8 |
| 512 | 12 | 8 |
| 512 | 16 | 8 |
| 512 | 20 | 7 |
| 512 | 24 | 7 |
| 512 | 28 | 8 |

## video_stage2_aws_512Mb_x86_analysis.json
===========================================
| Memory | Workers | Total Executions |
|---------|---------|------------------|
| 512 | 4 | 7 |
| 512 | 5 | 7 |
| 512 | 6 | 8 |
| 512 | 7 | 8 |
| 512 | 8 | 8 |
| 512 | 9 | 8 |
| 512 | 10 | 7 |
| 512 | 12 | 7 |
| 512 | 16 | 8 |
| 512 | 20 | 8 |
| 512 | 24 | 8 |
| 512 | 28 | 8 |

## video_stage3_1024_x86_analysis.json
======================================
| Memory | Workers | Total Executions |
|---------|---------|------------------|
| 1024 | 4 | 11 |
| 1024 | 5 | 11 |
| 1024 | 6 | 11 |
| 1024 | 7 | 11 |
| 1024 | 8 | 11 |
| 1024 | 9 | 11 |
| 1024 | 10 | 11 |
| 1024 | 12 | 11 |
| 1024 | 16 | 11 |
| 1024 | 20 | 11 |
| 1024 | 24 | 11 |
| 1024 | 28 | 11 |

## video_stage3_2048_x86_analysis.json
======================================
| Memory | Workers | Total Executions |
|---------|---------|------------------|
| 2048 | 4 | 12 |
| 2048 | 5 | 12 |
| 2048 | 6 | 12 |
| 2048 | 7 | 12 |
| 2048 | 8 | 12 |
| 2048 | 9 | 12 |
| 2048 | 10 | 12 |
| 2048 | 12 | 12 |
| 2048 | 16 | 12 |
| 2048 | 20 | 12 |
| 2048 | 24 | 12 |
| 2048 | 28 | 12 |

## video_stage3_512_x86_analysis.json
=====================================
| Memory | Workers | Total Executions |
|---------|---------|------------------|
| 512 | 4 | 11 |
| 512 | 5 | 11 |
| 512 | 6 | 11 |
| 512 | 7 | 11 |
| 512 | 8 | 11 |
| 512 | 9 | 11 |
| 512 | 10 | 11 |
| 512 | 12 | 11 |
| 512 | 16 | 11 |
| 512 | 20 | 11 |
| 512 | 24 | 11 |
| 512 | 28 | 11 |

## video_stage3_aws_1024Mb_arm_analysis.json
============================================
| Memory | Workers | Total Executions |
|---------|---------|------------------|
| 1024 | 4 | 8 |
| 1024 | 5 | 13 |
| 1024 | 6 | 12 |
| 1024 | 7 | 12 |
| 1024 | 8 | 11 |
| 1024 | 9 | 11 |
| 1024 | 10 | 13 |
| 1024 | 12 | 15 |
| 1024 | 16 | 14 |
| 1024 | 20 | 15 |
| 1024 | 24 | 13 |
| 1024 | 28 | 15 |

## video_stage3_aws_1024Mb_x86_analysis.json
============================================
| Memory | Workers | Total Executions |
|---------|---------|------------------|
| 1024 | 4 | 10 |
| 1024 | 5 | 9 |
| 1024 | 6 | 9 |
| 1024 | 7 | 9 |
| 1024 | 8 | 10 |
| 1024 | 9 | 11 |
| 1024 | 10 | 12 |
| 1024 | 12 | 11 |
| 1024 | 16 | 12 |
| 1024 | 20 | 13 |
| 1024 | 24 | 12 |
| 1024 | 28 | 14 |

## video_stage3_aws_2048Mb_arm_analysis.json
============================================
| Memory | Workers | Total Executions |
|---------|---------|------------------|
| 2048 | 4 | 11 |
| 2048 | 5 | 12 |
| 2048 | 6 | 10 |
| 2048 | 7 | 9 |
| 2048 | 8 | 12 |
| 2048 | 9 | 10 |
| 2048 | 10 | 9 |
| 2048 | 12 | 9 |
| 2048 | 16 | 11 |
| 2048 | 20 | 11 |
| 2048 | 24 | 10 |
| 2048 | 28 | 11 |

## video_stage3_aws_2048Mb_x86_analysis.json
============================================
| Memory | Workers | Total Executions |
|---------|---------|------------------|
| 2048 | 4 | 8 |
| 2048 | 5 | 8 |
| 2048 | 6 | 8 |
| 2048 | 7 | 8 |
| 2048 | 8 | 8 |
| 2048 | 9 | 8 |
| 2048 | 10 | 8 |
| 2048 | 12 | 9 |
| 2048 | 16 | 8 |
| 2048 | 20 | 8 |
| 2048 | 24 | 8 |
| 2048 | 28 | 8 |

## video_stage3_aws_512Mb_arm_analysis.json
===========================================
| Memory | Workers | Total Executions |
|---------|---------|------------------|
| 512 | 4 | 8 |
| 512 | 5 | 7 |
| 512 | 6 | 7 |
| 512 | 7 | 8 |
| 512 | 8 | 8 |
| 512 | 9 | 8 |
| 512 | 10 | 8 |
| 512 | 12 | 8 |
| 512 | 16 | 8 |
| 512 | 20 | 7 |
| 512 | 24 | 7 |
| 512 | 28 | 8 |

## video_stage3_aws_512Mb_x86_analysis.json
===========================================
| Memory | Workers | Total Executions |
|---------|---------|------------------|
| 512 | 4 | 7 |
| 512 | 5 | 7 |
| 512 | 6 | 8 |
| 512 | 7 | 8 |
| 512 | 8 | 8 |
| 512 | 9 | 8 |
| 512 | 10 | 7 |
| 512 | 12 | 7 |
| 512 | 16 | 8 |
| 512 | 20 | 8 |
| 512 | 24 | 8 |
| 512 | 28 | 8 |
